,label,nucleus_i,nucleus_j,nucleus_bounds_0,nucleus_bounds_1,nucleus_bounds_2,nucleus_bounds_3,nucleus_area,nucleus_cy5_foci_count,nucleus_cy5_foci_area,nucleus_number_neighbors_1,nucleus_percent_touching_1,nucleus_first_neighbor_distance,nucleus_second_neighbor_distance,nucleus_angle_between_neighbors
0,1,151.17809943360604,270.471994965387,129,248,170,295,1589.0,1,76,1,0.22093023255813954,38.814945202541345,207.03404154015877,5.369967143053389
1,2,189.98092816274635,269.5022250476796,170,246,219,288,1573.0,1,62,1,0.21348314606741572,38.814945202541345,168.42862580946266,173.3942209560758
2,3,357.72324510932106,284.6915995397008,333,261,388,305,1738.0,0,0,1,0.1813953488372093,46.38853226658339,168.42862580946266,104.79767172243231
3,4,365.4781976744186,330.42732558139534,341,304,392,360,2064.0,0,0,1,0.17972350230414746,46.38853226658339,185.77179409451773,61.23165399405849
4,5,438.52719033232626,1134.2985901309164,409,1110,474,1162,1986.0,2,162,0,0.0,167.02877179573454,553.2873851517151,25.75349398298537
5,6,459.8783057407009,1813.336271769512,425,1773,497,1858,4651.0,0,0,0,0.0,295.2616879175657,603.5250552523235,47.62290928621658
6,7,561.6636959370904,171.30668414154653,528,125,593,219,3815.0,6,1096,0,0.0,233.34062338924275,252.60270834019525,9.971777406397912
7,8,605.0947488584475,1121.894596651446,570,1096,650,1146,2628.0,1,51,0,0.0,167.02877179573454,409.3342649325883,144.0341069914463
8,9,709.1599607458293,1971.5706575073602,680,1944,736,1993,2038.0,1,49,0,0.0,295.2616879175657,459.57455060774004,104.04334547050192
9,10,953.3344654987486,1337.0309259921344,893,1262,1010,1405,11188.0,1,184,0,0.0,283.25201333116655,309.896096510471,108.16009958026027
10,11,1042.2426778242677,1654.9246861924687,1015,1597,1076,1710,4541.0,0,0,0,0.0,102.6111129594936,114.61013966030882,21.308959542606946
11,12,1092.8202247191011,188.01490924805532,1054,137,1131,241,4628.0,6,529,0,0.0,263.03324154271434,316.2196799424257,3.170114176498276
12,13,1106.758902510216,1575.1330998248686,1086,1553,1135,1603,1713.0,0,0,1,0.3402061855670103,41.85657299637098,102.6111129594936,95.70887708747219
13,14,1114.9161290322581,1071.1870967741936,1088,1033,1145,1111,2635.0,1,25,1,0.13742690058479531,41.99526430356184,73.77259113492374,40.14093995787244
14,15,1141.7634898388228,1598.0819901892082,1105,1566,1172,1629,2854.0,1,27,1,0.25190839694656486,41.85657299637098,114.61013966030882,62.982163369920855
15,16,1148.541739638062,1096.3450087565675,1123,1064,1175,1124,1713.0,1,7,1,0.2096069868995633,41.99526430356184,49.691501036415694,106.84646965115978
16,17,1188.563563115488,1066.8916741271262,1163,1036,1215,1107,2234.0,2,49,0,0.0,49.691501036415694,73.77259113492374,33.01259039096777
17,18,1227.9948266942577,1744.2661665804449,1191,1709,1281,1785,3866.0,0,0,1,0.18604651162790697,44.74369221976347,146.1915696984271,29.528495216063856
18,19,1257.4778921865536,1777.922471229558,1229,1761,1286,1797,1651.0,0,0,1,0.33157894736842103,44.74369221976347,109.50307273449157,138.85357674778808
19,20,1355.197911227154,206.5738903394256,1333,173,1384,251,1915.0,0,0,0,0.0,55.528002464149154,84.8773588961536,51.46249156863784
20,21,1366.010152284264,1792.471404399323,1332,1765,1403,1823,2955.0,1,162,0,0.0,109.50307273449157,146.1915696984271,11.617928036148044
21,22,1375.290098648155,671.4826452320059,1340,643,1411,700,2737.0,0,0,0,0.0,221.35484225782258,437.28148737834124,152.0036955889105
22,23,1406.5352509870277,227.73604060913706,1391,193,1429,259,1773.0,3,317,0,0.0,55.528002464149154,66.44386131263784,87.71672597643382
23,24,1402.8772213247173,91.30048465266559,1380,65,1426,121,1857.0,2,187,0,0.0,78.64957427145247,124.74483824994105,42.17127568211346
24,25,1429.3900621118012,165.34658385093167,1413,130,1449,194,1610.0,3,782,0,0.0,66.44386131263784,78.64957427145247,140.18061772824225
25,26,1552.7085674157304,539.1170411985019,1511,493,1591,588,4272.0,0,0,0,0.0,221.35484225782258,343.98367107146186,101.57827884276071
26,27,1577.957980823463,1723.5298928369994,1518,1666,1644,1799,10638.0,2,298,1,0.05186385737439222,85.8609553347505,222.87847370030988,130.56175066010965
27,28,1610.8754774637127,1644.229564553094,1583,1612,1642,1678,2618.0,8,1261,1,0.12121212121212122,85.8609553347505,286.2423283797004,36.26592897097889
28,29,1616.2358208955225,1292.3794361525704,1585,1259,1652,1327,3015.0,5,361,0,0.0,323.1134062004867,351.8909577371545,94.27524237165379
29,30,1861.7009365687527,337.4508301404853,1819,298,1903,378,4698.0,0,0,0,0.0,368.9790575050217,465.3091056111297,54.83842887098425
30,31,1938.7796809403862,1273.2031066330815,1868,1205,2000,1333,11910.0,6,354,0,0.0,323.1134062004867,495.1583576335378,45.128105625107665
31,32,1946.3009656652362,1913.5142167381973,1911,1878,1981,1952,3728.0,2,167,0,0.0,414.4521658893123,430.1447222013568,11.474198305188025
